%YAML:1.0
hires2:
  codes:
    - Dim: [0.125, 0.04]
      Orientation: [0, 0, 0]
      Position: [-1.75, 0, 0.08]
      Type: Code 128
      code: '3101201'
      fix_y: 0
    - Dim: [0.125, 0.04]
      Orientation: [0, 0, 0]
      Position: [-1.75, 0, 0.08]
      Type: Code 128
      code: '3101202'
      fix_y: 0
    - Dim: [0.125, 0.04]
      Orientation: [0, 0, 0]
      Position: [-1.75, 0, 0.08]
      Type: Code 128
      code: '3102201'
      fix_y: 0
    - Dim: [0.125, 0.04]
      Orientation: [0, 0, 0]
      Position: [-1.75, 0, 0.08]
      Type: Code 128
      code: '3102202'
      fix_y: 0
    - Dim: [0.125, 0.04]
      Orientation: [0, 0, 0]
      Position: [-1.75, 0, 0.08]
      Type: Code 128
      code: '3103201'
      fix_y: 0
    - Dim: [0.125, 0.04]
      Orientation: [0, 0, 0]
      Position: [-1.75, 0, 0.08]
      Type: Code 128
      code: '3103202'
      fix_y: 0
    - Dim: [0.125, 0.04]
      Orientation: [0, 0, 0]
      Position: [-1.75, 0, 0.08]
      Type: Code 128
      code: '3104201'
      fix_y: 0
    - Dim: [0.125, 0.04]
      Orientation: [0, 0, 0]
      Position: [-1.75, 0, 0.08]
      Type: Code 128
      code: '3104202'
      fix_y: 0
    - Dim: [0.125, 0.04]
      Orientation: [0, 0, 0]
      Position: [-1.75, 0, 0.08]
      Type: Code 128
      code: '3105201'
      fix_y: 0
    - Dim: [0.125, 0.04]
      Orientation: [0, 0, 0]
      Position: [-1.75, 0, 0.08]
      Type: Code 128
      code: '3105202'
      fix_y: 0
    - Dim: [0.125, 0.04]
      Orientation: [0, 0, 0]
      Position: [-1.75, 0, 0.08]
      Type: Code 128
      code: '3106201'
      fix_y: 0
    - Dim: [0.125, 0.04]
      Orientation: [0, 0, 0]
      Position: [-1.75, 0, 0.08]
      Type: Code 128
      code: '3106202'
      fix_y: 0
    - Dim: [0.125, 0.04]
      Orientation: [0, 0, 0]
      Position: [-1.75, 0, 0.08]
      Type: Code 128
      code: '3107201'
      fix_y: 0
    - Dim: [0.125, 0.04]
      Orientation: [0, 0, 0]
      Position: [-1.75, 0, 0.08]
      Type: Code 128
      code: '3107202'
      fix_y: 0
    - Dim: [0.125, 0.04]
      Orientation: [0, 0, 0]
      Position: [-1.75, 0, 0.08]
      Type: Code 128
      code: '3108201'
      fix_y: 0
    - Dim: [0.125, 0.04]
      Orientation: [0, 0, 0]
      Position: [-1.75, 0, 0.08]
      Type: Code 128
      code: '3108202'
      fix_y: 0
    - Dim: [0.125, 0.04]
      Orientation: [0, 0, 0]
      Position: [-1.75, 0, 0.08]
      Type: Code 128
      code: '3109201'
      fix_y: 0
    - Dim: [0.125, 0.04]
      Orientation: [0, 0, 0]
      Position: [-1.75, 0, 0.08]
      Type: Code 128
      code: '3109202'
      fix_y: 0
    - Dim: [0.125, 0.04]
      Orientation: [0, 0, 0]
      Position: [-1.75, 0, 0.08]
      Type: Code 128
      code: '3110201'
      fix_y: 0
    - Dim: [0.125, 0.04]
      Orientation: [0, 0, 0]
      Position: [-1.75, 0, 0.08]
      Type: Code 128
      code: '3110202'
      fix_y: 0
    - Dim: [0.125, 0.04]
      Orientation: [0, 0, 0]
      Position: [-1.75, 0, 0.08]
      Type: Code 128
      code: '3111201'
      fix_y: 0
    - Dim: [0.125, 0.04]
      Orientation: [0, 0, 0]
      Position: [-1.75, 0, 0.08]
      Type: Code 128
      code: '3111202'
      fix_y: 0
    - Dim: [0.125, 0.04]
      Orientation: [0, 0, 0]
      Position: [-1.75, 0, 0.08]
      Type: Code 128
      code: '3112201'
      fix_y: 0
    - Dim: [0.125, 0.04]
      Orientation: [0, 0, 0]
      Position: [-1.75, 0, 0.08]
      Type: Code 128
      code: '3112202'
      fix_y: 0
    - Dim: [0.125, 0.04]
      Orientation: [0, 0, 0]
      Position: [-1.75, 0, 0.08]
      Type: Code 128
      code: '3113201'
      fix_y: 0
    - Dim: [0.125, 0.04]
      Orientation: [0, 0, 0]
      Position: [-1.75, 0, 0.08]
      Type: Code 128
      code: '3113202'
      fix_y: 0
    - Dim: [0.125, 0.04]
      Orientation: [0, 0, 0]
      Position: [-1.75, 0, 0.08]
      Type: Code 128
      code: '3114201'
      fix_y: 0
    - Dim: [0.125, 0.04]
      Orientation: [0, 0, 0]
      Position: [-1.75, 0, 0.08]
      Type: Code 128
      code: '3114202'
      fix_y: 0
    - Dim: [0.125, 0.04]
      Orientation: [0, 0, 0]
      Position: [-1.75, 0, 0.08]
      Type: Code 128
      code: '3115201'
      fix_y: 0
    - Dim: [0.125, 0.04]
      Orientation: [0, 0, 0]
      Position: [-1.75, 0, 0.08]
      Type: Code 128
      code: '3115202'
      fix_y: 0
    - Dim: [0.125, 0.04]
      Orientation: [0, 0, 0]
      Position: [-1.75, 0, 0.08]
      Type: Code 128
      code: '3116201'
      fix_y: 0
    - Dim: [0.125, 0.04]
      Orientation: [0, 0, 0]
      Position: [-1.75, 0, 0.08]
      Type: Code 128
      code: '3116202'
      fix_y: 0
    - Dim: [0.125, 0.04]
      Orientation: [0, 0, 0]
      Position: [-1.75, 0, 0.08]
      Type: Code 128
      code: '3117201'
      fix_y: 0
    - Dim: [0.125, 0.04]
      Orientation: [0, 0, 0]
      Position: [-1.75, 0, 0.08]
      Type: Code 128
      code: '3117202'
      fix_y: 0
    - Dim: [0.125, 0.04]
      Orientation: [0, 0, 0]
      Position: [-1.75, 0, 0.08]
      Type: Code 128
      code: '3118201'
      fix_y: 0
    - Dim: [0.125, 0.04]
      Orientation: [0, 0, 0]
      Position: [-1.75, 0, 0.08]
      Type: Code 128
      code: '3118202'
      fix_y: 0
    - Dim: [0.125, 0.04]
      Orientation: [0, 0, 0]
      Position: [-1.75, 0, 0.08]
      Type: Code 128
      code: '3119201'
      fix_y: 0
    - Dim: [0.125, 0.04]
      Orientation: [0, 0, 0]
      Position: [-1.75, 0, 0.08]
      Type: Code 128
      code: '3119202'
      fix_y: 0
    - Dim: [0.125, 0.04]
      Orientation: [0, 0, 0]
      Position: [-1.75, 0, 0.08]
      Type: Code 128
      code: '3120201'
      fix_y: 0
    - Dim: [0.125, 0.04]
      Orientation: [0, 0, 0]
      Position: [-1.75, 0, 0.08]
      Type: Code 128
      code: '3120202'
      fix_y: 0
    - Dim: [0.125, 0.04]
      Orientation: [0, 0, 0]
      Position: [-1.75, 0, 0.08]
      Type: Code 128
      code: '3121201'
      fix_y: 0
    - Dim: [0.125, 0.04]
      Orientation: [0, 0, 0]
      Position: [-1.75, 0, 0.08]
      Type: Code 128
      code: '3121202'
      fix_y: 0
    - Dim: [0.125, 0.04]
      Orientation: [0, 0, 0]
      Position: [-1.75, 0, 0.08]
      Type: Code 128
      code: '3122201'
      fix_y: 0
    - Dim: [0.125, 0.04]
      Orientation: [0, 0, 0]
      Position: [-1.75, 0, 0.08]
      Type: Code 128
      code: '3122202'
      fix_y: 0
    - Dim: [0.125, 0.04]
      Orientation: [0, 0, 0]
      Position: [-1.75, 0, 0.08]
      Type: Code 128
      code: '3123201'
      fix_y: 0
    - Dim: [0.125, 0.04]
      Orientation: [0, 0, 0]
      Position: [-1.75, 0, 0.08]
      Type: Code 128
      code: '3123202'
      fix_y: 0
    - Dim: [0.125, 0.04]
      Orientation: [0, 0, 0]
      Position: [-1.75, 0, 0.08]
      Type: Code 128
      code: '3124201'
      fix_y: 0
    - Dim: [0.125, 0.04]
      Orientation: [0, 0, 0]
      Position: [-1.75, 0, 0.08]
      Type: Code 128
      code: '3124202'
      fix_y: 0
    - Dim: [0.125, 0.04]
      Orientation: [0, 0, 0]
      Position: [-1.75, 0, 0.08]
      Type: Code 128
      code: '3125201'
      fix_y: 0
    - Dim: [0.125, 0.04]
      Orientation: [0, 0, 0]
      Position: [-1.75, 0, 0.08]
      Type: Code 128
      code: '3125202'
      fix_y: 0
    - Dim: [0.125, 0.04]
      Orientation: [0, 0, 0]
      Position: [-1.75, 0, 2.08]
      Type: Code 128
      code: '3101301'
      fix_y: 0
    - Dim: [0.125, 0.04]
      Orientation: [0, 0, 0]
      Position: [-1.75, 0, 2.08]
      Type: Code 128
      code: '3101302'
      fix_y: 0
    - Dim: [0.125, 0.04]
      Orientation: [0, 0, 0]
      Position: [-1.75, 0, 2.08]
      Type: Code 128
      code: '3102301'
      fix_y: 0
    - Dim: [0.125, 0.04]
      Orientation: [0, 0, 0]
      Position: [-1.75, 0, 2.08]
      Type: Code 128
      code: '3102302'
      fix_y: 0
    - Dim: [0.125, 0.04]
      Orientation: [0, 0, 0]
      Position: [-1.75, 0, 2.08]
      Type: Code 128
      code: '3103301'
